model,note,note_line,ref,source,old,new
SWAN,models/SWAN/source-analysis/swan-adcirc-coupling.md,25,"switch.pl:31, 93-96",switch.pl,"31,93-96","33,97-100"
SWAN,models/SWAN/source-analysis/swan-adcirc-coupling.md,26,src/CMakeLists.txt:26-117,src/CMakeLists.txt,26-117,30-121
SWAN,models/SWAN/source-analysis/swan-adcirc-coupling.md,26,srclist.cmake:28-64,src/srclist.cmake,28-64,28-63
SWAN,models/SWAN/source-analysis/swan-adcirc-coupling.md,48,"switch.pl:31, 93-94",switch.pl,"31,93-94","33,97-98"
SWAN,models/SWAN/source-analysis/swan-adcirc-coupling.md,64,switch.pl:95-96,switch.pl,95-96,99-100
SWAN,models/SWAN/source-analysis/swan-adcirc-coupling.md,117,src/CMakeLists.txt:93-105,src/CMakeLists.txt,93-105,97-109
SWAN,models/SWAN/source-analysis/swan-adcirc-coupling.md,121,srclist.cmake:28-64,src/srclist.cmake,28-64,28-63
SWAN,models/SWAN/source-analysis/swan-adcirc-coupling.md,123,srclistnc.cmake:31-67,src/srclistnc.cmake,31-67,31-66
SWAN,models/SWAN/source-analysis/swan-output-formats.md,26,src/CMakeLists.txt:26-95,src/CMakeLists.txt,26-95,30-99
SWAN,models/SWAN/source-analysis/swan-output-formats.md,26,switch.pl:34,switch.pl,34,36
SWAN,models/SWAN/source-analysis/swan-output-formats.md,127,switch.pl:34,switch.pl,34,36
SWAN,models/SWAN/source-analysis/swan-output-formats.md,128,CMakeLists.txt:95,src/CMakeLists.txt,95,99
ROMS,models/ROMS/source-analysis/roms_4dvar.md,85,s4dvar.in:461,ROMS/External/s4dvar.in,461,598
ROMS,models/ROMS/source-analysis/roms_4dvar.md,119,roms_wc13.in:1223,ROMS/External/roms_wc13.in,1223,1224
ROMS,models/ROMS/source-analysis/roms_nesting.md,39,roms_test_chan.in:1134-1138,ROMS/External/roms_test_chan.in,1134-1138,1135-1139
